ARG="255 365 402 275 258"; ./push_swap $ARG | wc -l 

ARG="255 365 402"; ./push_swap $ARG | wc -l 

ARG="255 365 402 275 258 230 267 188 441 409 10 211 44 235 19 319 182 171 339 295 468 497 309 53 345 127 216 227 334 360 457 322 122 69 398 412 144 233 476 201 64 62 484 311 419 253 448 85 425 399 112 177 172 237 221 236 323 333 55 250 97 93 165 67 431 105 406 254 222 61 291 320 469 411 421 410 428 315 92 166 2 257 180 373 189 179 329 196 120 416 294 34 1 18 142 310 435 301 25 59 57 397 317 137 204 366 155 160 328 21 3 242 126 45 445 350 256 395 427 20 54 463 288 6 90 485 462 337 47 210 241 348 417 285 407 174 472 150 246 452 36 194 385 186 63 234 17 318 169 332 157 151 498 489 16 473 147 209 248 156 190 223 284 178 225 148 41 133 108 143 76 312 48 271 9 364 392 299 400 220 146 458 446 52 362 404 336 456 132 307 474 325 383 199 296 49 306 354 490 244 206 80 321 239 460 202 162 124 297 23 83 482 415 78 226 252 140 74 77 231 266 51 438 359 50 346 56 37 424 434 134 494 228 293 107 358 13 72 480 193 119 436 465 292 440 443 247 245 286 68 82 390 168 167 33 203 99 330 276 114 349 289 477 324 304 391 110 149 371 369 138 487 408 430 379 455 29 175 426 382 123 403 340 401 500 483 444 81 270 251 249 437 118 268 205 240 302 158 154 89 42 326 170 352 131 262 173 164 353 464 470 73 263 163 46 451 475 384 136 197 467 86 466 15 308 207 32 491 499 217 389 387 305 104 459 8 100 39 341 212 232 218 378 343 272 287 130 141 101 183 88 471 442 14 22 60 453 290 35 492 327 300 238 278 314 161 279 357 84 335 214 377 277 187 496 65 192 87 372 449 394 479 191 261 259 91 219 388 447 488 486 413 31 432 375 185 274 264 229 159 215 393 269 71 374 139 111 282 40 495 109 281 347 260 363 11 405 386 429 24 283 370 224 43 106 367 361 128 116 125 113 313 94 450 181 38 213 7 98 439 331 26 129 75 351 355 298 368 481 27 280 303 356 381 200 28 396 121 96 420 95 376 342 423 461 184 273 208 338 493 117 454 135 4 176 265 102 79 414 115 30 422 243 58 152 418 5 198 70 153 12 66 316 478 433 344 103 145 380 195"; ./push_swap $ARG | wc -l



SEQUENCIA COM ERROS:
13 21 73 90 88 62 4 49 20 31 100 5 76 10 59 36 24 30 39 72 28 15 67 57 26 84 98 78 83 35 22 87 3 18 44 47 50 17 25 37 54 63 51 79 69 16 92 58 95 97 82 85 86 66 1 55 91 45 64 29 42 77 43 74 61 48 23 80 60 94 40 65 32 99 89 6 71 33 81 93 53 14 34 11 9 8 46 2 19 96 56 38 75 41 7 12 27 68 52 70
